$ 1 0.000005 173.42552219524063 99 5 50 5e-11
w 576 272 576 304 0
w 512 320 512 368 0
w 384 144 384 208 0
g 96 144 96 176 0 0
v 96 144 256 144 0 2 185 2.5 2.5 2.0943951023931953 0.037000000000000005
r 384 144 256 144 0 18
g 96 208 96 240 0 0
v 96 208 256 208 0 2 0.185 3.088 3.088 3.141592653589793 0.3333
r 384 208 256 208 0 27
g 96 272 96 320 0 0
r 96 272 384 272 0 56
w 384 208 384 272 0
w 384 272 512 272 0
w 512 320 512 272 0
w 576 272 512 272 0
r 512 464 512 368 0 2
v 512 576 512 464 4 5 0.185 9 0 0 0.66667
r 576 368 576 304 0 0.05
g 576 544 576 576 0 0
g 512 576 512 624 0 0
c 576 368 576 544 4 3000 7.397874273693528 7.4 0.3
o 8 64 0 4099 10 0.4 0 2 8 3
o 5 64 0 4099 10 0.8 1 2 5 3
o 10 64 0 4099 10 0.2 2 2 10 3
o 20 64 0 4099 10 0.8 3 2 20 3
o 16 64 0 4099 10 3.2 4 2 16 3
